50 250 0
28 8 3
30 43 3
44 5 2
12 26 3
1 2 2
20 45 3
37 36 1
46 20 3
38 25 3
11 28 1
33 23 2
34 10 3
45 47 2
31 27 1
11 46 1
2 25 2
21 13 1
12 45 3
50 48 2
30 8 1
5 23 3
38 12 3
37 45 1
4 11 1
29 38 2
9 15 2
30 8 3
29 14 3
35 19 3
5 36 3
16 22 1
22 7 2
46 32 3
39 20 1
2 36 1
50 22 3
50 4 3
40 37 2
19 6 3
22 29 3
39 3 3
21 34 3
44 45 1
34 25 3
11 40 2
49 9 1
26 20 2
33 25 3
17 48 1
23 32 1
48 12 1
23 30 1
40 5 2
16 25 2
23 11 2
40 38 1
6 49 3
5 37 2
42 48 3
45 14 2
9 15 2
38 15 1
44 22 2
42 7 2
36 48 1
29 15 3
49 1 3
22 20 2
24 43 3
48 19 2
19 39 3
13 25 3
29 30 1
30 8 2
47 9 2
10 42 1
30 50 2
37 23 3
50 2 1
23 6 1
26 44 1
36 41 1
36 37 1
33 39 2
35 25 3
12 47 3
14 27 1
14 7 1
29 38 2
33 7 3
35 16 2
18 37 2
37 50 1
12 48 3
14 1 3
23 3 3
9 1 1
7 14 3
15 39 1
9 12 3
50 45 2
8 25 1
37 3 1
36 24 2
35 33 3
38 14 1
30 17 2
24 4 1
19 3 1
2 4 2
39 8 1
30 4 2
33 35 3
33 10 2
41 37 2
2 28 1
11 44 3
32 19 2
7 5 3
49 44 2
43 34 2
37 46 3
12 35 3
45 9 2
32 43 2
12 28 2
45 21 1
12 15 2
10 12 1
18 32 2
23 7 3
39 24 2
23 36 2
46 29 3
49 31 3
20 10 2
43 8 1
48 15 3
1 47 1
24 22 1
42 13 1
8 44 3
14 28 1
18 5 2
26 48 3
6 47 3
5 47 1
36 26 2
20 18 3
24 33 3
35 16 2
10 22 2
27 10 2
4 13 2
42 18 1
12 32 3
24 31 1
33 21 1
16 48 1
2 45 1
9 6 3
10 34 1
44 25 3
19 14 2
47 29 1
36 26 2
13 2 1
26 34 3
29 14 1
22 31 3
30 22 2
1 40 1
41 32 2
24 39 2
21 46 1
9 41 1
46 34 3
35 11 3
29 9 3
19 36 1
20 23 2
4 38 3
26 9 1
49 19 3
1 13 2
32 15 3
49 47 3
49 17 1
24 15 2
26 46 3
43 38 2
30 20 3
45 17 2
1 15 3
47 36 3
26 47 3
37 45 1
9 48 3
32 25 3
25 7 3
20 15 1
50 27 3
13 47 1
4 16 2
44 30 1
28 39 3
5 35 3
12 10 1
50 48 2
39 44 2
37 31 1
24 45 3
33 9 2
32 43 1
47 9 1
27 28 3
37 31 2
3 24 1
14 9 2
6 38 2
28 26 1
25 9 3
48 1 1
27 1 3
15 41 2
34 26 2
12 23 3
3 29 2
3 12 2
49 3 2
27 25 2
17 26 3
34 8 1
26 46 2
10 38 2
13 44 3
5 4 2
41 15 3
13 30 2
9 25 1
38 17 1
35 3 3
42 26 3
29 6 2
48 7 3
19 4 2
5 50 3
6 32 3
11 46 1
43 15 1
