1000 5000 0
975 700 3
174 563 3
539 802 3
379 223 3
551 294 2
498 557 2
910 232 1
366 107 2
182 20 1
572 853 1
220 637 2
95 837 1
845 952 1
69 377 3
753 607 3
756 825 1
349 13 1
179 144 1
50 384 1
799 905 3
57 161 2
628 253 3
624 383 2
15 583 2
981 379 3
569 423 3
196 658 1
444 887 1
96 521 1
407 770 3
187 128 2
998 688 2
694 572 1
424 585 2
842 806 3
132 834 1
847 561 2
143 337 1
131 306 1
691 466 2
350 475 1
652 100 1
709 25 1
192 511 3
141 829 2
883 896 1
462 606 1
678 367 2
236 262 1
138 576 3
13 981 2
889 540 3
516 755 2
961 374 3
64 174 2
395 94 2
748 197 1
846 319 3
871 938 3
595 949 2
183 857 1
174 635 2
309 117 3
333 522 3
859 358 2
56 998 3
769 337 1
479 673 2
74 175 2
314 602 1
111 234 1
329 336 1
223 408 3
863 194 1
654 161 1
195 658 3
783 540 2
911 47 1
817 690 2
566 548 1
549 181 2
981 212 3
340 453 1
212 524 2
656 384 1
932 571 1
628 858 3
231 828 2
390 887 3
184 284 3
821 477 3
16 583 2
886 485 3
9 871 2
666 925 1
57 774 3
235 707 1
553 399 1
10 523 3
624 611 3
51 460 2
978 183 2
509 93 2
355 462 2
146 106 2
655 637 1
791 544 2
801 817 1
683 401 1
488 548 2
676 768 2
565 652 3
143 134 2
317 337 1
245 188 1
868 899 1
814 332 1
694 713 3
689 890 3
54 130 3
477 512 2
177 758 1
410 124 1
313 534 2
355 53 2
800 26 2
961 10 3
525 553 1
825 878 3
230 56 2
676 280 1
818 776 1
729 255 3
213 982 1
779 244 1
705 606 3
563 2 2
936 760 1
443 349 2
550 42 1
920 170 2
653 264 2
408 820 2
371 487 3
899 194 1
36 315 2
118 806 3
771 978 3
26 401 3
879 586 2
193 980 2
258 491 2
90 262 2
668 671 2
422 328 1
638 616 1
704 366 3
224 335 1
837 670 1
289 170 2
110 171 2
527 493 2
420 333 1
717 752 1
36 930 3
717 484 1
903 534 1
665 569 2
92 264 1
118 21 1
403 375 3
324 378 1
342 899 1
68 70 1
526 454 2
797 261 1
423 319 1
44 594 1
663 105 1
556 104 2
758 816 3
343 950 2
111 511 1
632 498 2
191 771 2
923 457 2
993 928 1
697 471 2
216 333 3
304 64 3
177 905 1
605 703 1
450 624 1
405 106 1
831 523 1
390 665 1
441 695 1
752 283 3
157 51 2
89 802 2
544 13 2
275 820 1
870 645 1
322 58 3
644 310 1
907 212 3
325 846 2
988 957 1
25 663 1
585 218 3
51 571 2
562 62 3
40 995 2
129 437 3
816 140 3
98 130 1
744 360 3
626 748 2
688 10 1
460 675 1
317 510 3
554 258 3
812 941 3
442 478 2
570 99 1
199 855 3
887 80 2
260 338 2
186 890 1
575 924 3
972 578 1
421 941 3
474 925 1
559 649 3
484 417 2
504 101 1
837 639 2
266 693 2
828 74 1
183 451 3
132 217 3
288 377 2
704 168 3
87 687 3
69 395 2
63 212 2
508 251 1
498 123 3
800 41 3
723 418 2
103 855 1
659 93 1
314 879 3
811 440 1
359 27 2
378 710 3
979 369 1
947 71 3
353 142 1
609 184 3
549 798 3
264 36 1
749 702 2
887 867 1
541 921 2
305 742 3
583 980 3
354 752 2
482 660 2
752 578 2
295 828 2
271 699 2
4 404 3
123 927 1
347 88 3
31 471 1
2 272 3
215 965 1
862 515 1
563 618 3
57 225 1
135 774 3
102 261 1
363 655 2
320 998 3
360 459 1
243 571 3
311 124 2
508 381 2
874 360 2
259 30 2
922 563 1
129 812 3
873 290 3
250 271 2
716 486 3
389 986 2
683 934 3
630 71 3
811 560 3
983 607 2
571 56 1
486 897 2
489 992 3
812 33 1
306 468 3
601 77 2
877 192 3
288 20 2
339 555 1
416 28 2
146 908 1
159 161 2
581 201 3
915 295 3
847 654 2
600 330 3
381 14 2
414 664 1
502 174 3
968 19 1
365 152 1
371 628 3
857 15 3
450 321 2
641 179 1
123 301 3
635 128 3
238 924 3
315 229 2
594 777 3
330 226 2
445 343 1
75 976 1
377 457 2
965 381 2
232 614 1
854 351 1
813 366 3
77 585 3
131 488 2
618 398 2
371 579 2
71 841 2
783 578 2
59 935 1
726 188 1
656 387 2
260 666 2
434 884 2
747 674 1
918 247 1
34 893 2
689 264 1
205 757 2
592 854 2
786 799 3
562 431 3
268 579 2
323 260 3
542 16 3
299 90 2
42 841 3
184 857 1
318 372 3
289 331 2
129 718 1
87 74 2
780 125 3
478 946 1
578 142 3
895 443 2
788 976 3
495 654 1
528 41 2
891 178 1
766 590 2
24 316 2
60 721 2
503 186 1
641 556 1
698 443 1
434 78 1
478 619 3
697 570 2
976 643 2
468 612 3
76 376 1
5 286 3
205 788 2
827 500 3
188 989 1
947 342 2
943 84 1
468 248 3
174 466 2
258 92 3
689 380 3
544 823 2
161 840 1
968 447 3
532 245 1
109 389 1
885 451 3
591 827 1
882 588 2
856 697 3
847 661 3
293 821 3
290 407 2
356 950 1
162 774 2
775 823 2
636 861 1
481 222 1
638 32 1
53 340 1
380 446 3
134 154 3
250 352 2
413 820 1
401 342 1
894 397 3
623 546 3
539 290 2
51 375 3
367 477 2
333 39 3
24 549 1
36 589 1
465 895 3
549 980 1
128 635 2
921 683 3
860 865 3
964 957 3
29 5 2
811 382 3
315 533 2
823 479 3
112 570 2
171 593 1
338 938 3
337 354 3
937 847 2
390 961 1
23 442 2
617 417 2
650 468 1
716 337 2
602 763 2
466 269 3
558 256 1
371 893 3
462 293 3
54 425 3
382 744 2
713 131 1
949 871 3
106 561 3
177 359 2
948 454 1
661 354 2
927 649 2
522 714 3
806 349 2
35 835 2
659 664 1
884 621 3
999 324 2
442 523 2
967 494 1
757 823 1
396 520 3
691 839 3
740 377 2
420 647 2
146 670 2
198 921 2
659 526 2
531 972 3
95 456 1
744 289 2
142 684 2
485 240 1
966 974 2
274 697 1
391 794 2
376 33 3
444 948 3
160 132 2
384 962 3
902 855 3
384 818 2
808 731 2
519 936 1
518 978 2
965 275 2
345 52 3
532 356 2
940 598 1
338 322 1
155 654 2
352 261 2
505 858 2
617 701 3
399 335 2
236 217 2
973 756 2
912 298 3
632 58 1
771 558 1
529 766 1
260 619 2
986 128 2
77 328 3
619 238 1
229 814 2
862 595 2
117 712 3
148 994 2
534 381 2
597 814 1
442 460 2
73 928 2
524 660 3
974 233 1
160 915 3
386 607 1
25 144 3
763 524 1
589 76 2
800 745 1
550 292 3
685 660 3
125 484 1
686 618 3
866 934 1
906 265 2
19 982 1
698 325 3
975 516 1
778 868 1
757 868 1
885 487 2
102 832 3
780 363 2
381 696 2
328 503 2
686 910 3
936 219 1
247 907 2
934 778 2
896 142 3
279 228 3
960 729 3
731 422 2
208 514 2
638 466 3
937 540 1
910 218 3
200 414 3
439 479 2
921 856 2
397 874 1
603 907 1
910 213 2
297 146 3
742 162 2
369 487 1
479 12 1
824 629 3
696 104 2
873 447 2
100 319 1
450 97 1
351 96 1
9 791 2
703 41 2
784 654 1
148 271 2
979 519 3
278 809 3
600 25 1
981 486 2
422 170 3
467 883 2
873 210 2
729 54 3
848 597 1
920 470 2
966 866 3
478 309 1
846 185 3
467 746 2
131 760 1
583 556 2
558 83 1
996 271 2
746 684 1
878 440 1
14 217 3
407 966 1
496 764 3
626 12 1
76 676 2
910 121 3
647 551 1
718 697 3
208 791 3
974 850 2
588 585 2
300 710 2
79 145 1
659 583 1
378 726 2
966 496 1
474 345 2
874 618 3
234 926 1
56 49 1
849 827 3
137 406 3
223 878 2
696 619 2
238 428 1
469 367 3
864 372 3
702 190 2
192 596 3
203 39 3
533 466 2
875 53 2
82 190 3
751 863 3
232 756 3
529 424 3
500 122 1
51 166 3
221 153 2
535 288 3
149 235 1
752 416 2
829 480 2
350 149 1
132 543 3
671 665 2
421 992 2
451 76 1
248 11 1
346 752 3
666 249 3
975 291 3
524 562 2
793 553 3
785 125 2
178 679 3
790 491 3
514 228 1
533 996 2
376 377 3
158 953 2
967 625 2
893 742 1
349 436 1
562 703 2
366 221 1
360 119 1
802 24 2
951 928 3
853 252 3
396 420 1
192 742 1
188 363 2
803 432 1
115 420 3
945 711 1
640 322 3
80 19 3
474 547 1
436 342 2
479 418 2
94 224 3
588 156 1
304 200 3
619 370 3
383 357 3
922 106 1
908 75 1
815 493 1
467 402 3
848 338 2
843 974 3
135 40 3
881 986 3
365 184 3
110 404 3
382 897 1
338 273 3
997 219 1
12 652 1
814 370 3
90 430 3
822 865 3
922 280 1
817 655 2
743 883 3
164 621 1
934 127 3
516 437 1
83 290 3
514 239 3
667 517 1
602 851 3
21 789 1
102 644 1
112 158 2
798 190 3
108 616 1
897 80 2
245 26 1
986 540 1
467 243 2
496 779 1
176 159 2
171 620 1
140 583 3
675 561 2
174 803 2
529 600 3
833 747 3
639 700 2
264 332 1
668 683 3
913 9 3
681 876 1
210 608 2
944 952 2
72 362 3
275 94 2
280 143 1
884 172 2
45 445 2
922 985 1
676 563 1
294 640 2
316 116 2
345 893 2
271 925 2
116 304 2
688 307 2
730 552 2
427 887 1
460 31 1
788 215 2
27 427 2
743 870 3
559 336 1
207 161 2
969 486 2
766 43 2
193 346 1
484 675 1
441 272 2
290 411 3
582 751 3
807 683 2
201 588 3
935 522 1
994 261 2
696 402 3
686 25 2
838 400 2
742 494 1
113 93 3
225 138 1
796 329 1
217 569 1
863 491 2
638 193 1
492 387 1
901 996 2
478 231 2
358 936 1
839 436 1
697 937 1
997 829 2
860 44 2
622 991 3
581 504 3
790 880 1
990 190 2
169 278 3
147 919 3
705 535 2
379 991 2
793 982 3
381 445 2
100 280 2
631 860 2
618 504 1
717 816 1
953 159 1
645 400 1
176 822 2
281 776 2
218 112 2
714 220 3
980 299 1
463 408 2
596 936 2
915 328 1
208 705 2
838 802 3
783 589 1
375 573 3
281 736 1
964 717 1
784 239 1
735 907 2
908 602 1
206 272 3
510 102 3
604 29 3
8 319 3
510 54 2
978 655 1
256 381 2
862 622 3
564 253 3
38 957 3
652 362 2
517 913 1
200 611 1
952 832 1
951 749 3
404 800 2
124 28 2
621 422 1
500 613 3
90 486 3
296 811 3
598 755 3
201 45 1
658 29 1
430 580 3
302 828 3
472 89 2
271 454 1
108 514 2
950 286 1
280 81 1
496 483 2
739 759 2
185 715 2
723 481 1
911 228 2
280 325 3
844 94 3
634 771 1
51 376 2
400 185 2
796 943 2
631 129 1
787 802 3
172 283 1
745 735 3
973 787 1
129 924 3
379 459 1
357 750 3
937 277 1
89 93 2
840 785 1
583 25 1
878 197 3
734 492 3
758 148 3
172 156 2
628 75 2
886 161 1
385 232 1
576 140 1
842 584 3
725 214 1
199 736 2
942 198 1
705 970 2
252 754 3
673 321 2
540 861 3
144 498 2
489 837 3
564 322 2
180 285 2
843 718 1
490 136 1
880 235 3
957 797 2
689 810 3
517 675 3
289 115 3
394 21 3
677 975 3
215 471 1
766 384 3
724 99 1
720 599 1
276 340 3
558 431 1
228 383 3
774 854 3
30 28 3
69 416 2
107 698 1
473 745 2
720 233 1
364 457 1
908 749 3
537 680 1
463 496 2
25 77 3
314 274 1
443 147 1
881 689 3
26 911 2
44 549 2
35 560 2
763 850 2
641 792 3
748 645 3
830 274 2
328 267 1
659 804 1
272 752 3
940 732 2
17 635 2
182 618 3
922 468 3
175 751 2
757 110 3
505 342 1
446 824 3
152 393 1
789 381 1
238 375 3
914 863 2
984 514 1
240 364 1
941 803 3
714 26 3
357 393 1
82 926 3
267 305 3
226 615 1
319 498 1
984 328 3
561 892 1
304 197 2
449 694 3
884 976 1
221 867 1
462 621 1
880 968 3
891 441 3
136 3 3
214 683 1
70 794 2
856 579 2
345 354 2
113 979 3
329 316 3
70 639 3
555 357 3
905 591 1
863 511 1
125 611 2
817 509 1
123 672 2
375 394 2
490 525 3
877 723 1
644 374 2
183 19 3
141 762 1
149 633 1
348 416 3
497 566 2
631 796 2
667 622 3
813 533 2
596 535 2
267 443 2
759 144 1
927 547 1
436 483 3
974 437 2
452 247 2
218 731 3
501 100 3
864 59 1
867 223 1
293 285 1
114 531 2
921 984 1
629 250 2
556 952 1
509 134 2
385 419 2
209 222 1
425 42 2
479 506 2
609 440 3
297 496 1
668 254 3
136 559 3
374 831 3
727 776 1
754 34 2
882 169 3
293 299 1
408 546 1
334 839 1
733 131 2
742 69 1
871 162 1
100 82 2
530 894 3
202 723 2
871 703 3
563 210 1
923 581 3
753 854 1
118 665 1
174 596 3
882 976 3
408 946 1
939 440 1
351 604 1
53 900 3
850 617 1
303 446 3
853 202 1
247 474 2
359 512 2
550 374 3
816 190 3
739 521 3
199 404 3
646 924 2
343 202 3
23 58 2
990 678 3
365 897 2
987 166 3
42 608 2
868 733 2
649 335 1
77 786 1
284 162 2
714 427 2
331 367 1
970 272 2
703 28 2
544 601 1
383 476 3
469 817 3
271 392 2
202 648 1
761 428 2
625 206 1
631 837 3
980 252 2
193 900 3
374 874 2
681 656 3
280 150 3
493 312 1
419 538 3
220 39 3
534 149 1
501 714 1
18 615 3
792 960 2
214 457 1
456 4 2
989 311 2
64 94 3
71 532 1
51 179 3
761 119 2
426 975 1
209 188 2
172 597 2
635 551 2
493 614 1
866 877 1
823 169 2
388 256 1
819 962 3
764 1000 3
13 926 2
836 968 2
47 645 3
414 411 3
444 714 3
42 687 3
695 804 3
920 108 2
212 497 1
53 671 2
495 397 3
896 925 1
647 215 1
865 61 3
845 156 3
544 727 2
893 334 1
991 690 1
866 702 1
905 165 2
988 92 3
368 303 3
142 725 3
173 830 2
926 233 3
561 885 2
580 444 1
186 132 1
223 928 1
738 817 3
701 475 3
999 897 1
461 922 1
168 510 3
704 736 3
615 855 1
279 518 1
330 556 3
221 806 3
230 228 2
501 61 2
632 388 3
606 249 1
364 80 2
534 894 3
204 288 3
144 758 3
439 944 1
723 569 3
905 416 1
846 545 1
201 604 3
778 578 2
452 119 2
942 941 1
107 515 2
326 871 3
685 723 2
892 751 3
83 254 2
699 583 1
209 396 1
222 64 1
484 927 3
580 184 3
794 115 2
180 580 1
703 70 2
52 645 2
34 486 2
724 64 1
360 634 3
778 100 1
430 222 2
28 344 1
964 634 2
558 308 3
858 420 2
113 604 2
195 953 3
899 655 1
205 399 2
719 942 3
709 702 3
606 971 1
485 565 3
660 880 2
470 264 2
376 520 3
370 872 2
4 397 1
671 430 3
327 670 3
273 820 3
419 173 3
64 249 1
785 274 2
977 659 1
65 820 3
96 259 1
592 200 1
186 898 3
944 437 2
959 543 3
949 272 2
870 42 2
88 122 1
81 773 3
15 202 1
812 612 3
782 764 1
377 365 2
814 183 3
536 223 2
504 986 3
799 514 3
288 59 3
932 67 3
527 988 2
186 259 1
763 738 1
334 792 1
297 972 2
601 233 2
332 543 3
943 701 3
4 540 3
255 827 1
357 884 1
304 353 3
607 896 2
770 94 3
828 13 3
1000 585 1
381 607 2
498 432 3
125 601 1
392 1000 2
802 661 2
784 573 3
535 596 1
527 892 3
256 600 2
614 490 1
369 114 1
505 403 3
543 631 3
452 97 2
363 142 2
357 489 3
973 656 1
500 280 2
798 879 3
198 337 3
237 163 2
187 499 2
292 403 2
289 752 3
96 626 1
576 298 3
436 474 3
148 674 3
53 28 1
616 120 3
724 346 3
828 508 1
452 448 2
8 446 1
759 490 1
62 533 3
870 181 1
105 428 3
476 41 3
446 633 1
176 854 1
454 293 2
869 141 3
148 301 2
15 478 2
169 388 3
709 224 3
954 912 3
952 56 3
633 143 1
817 189 3
342 757 2
524 428 2
776 421 1
326 354 3
173 792 3
610 94 1
326 377 2
470 433 3
934 75 3
844 551 1
79 467 3
920 754 2
564 661 2
578 138 2
320 703 2
962 144 1
322 655 1
580 628 2
931 365 2
763 644 1
49 606 1
505 382 3
846 754 2
839 395 1
615 74 3
296 657 1
145 728 1
120 899 3
718 81 3
83 19 2
733 505 2
474 311 3
890 854 3
440 601 3
849 335 1
639 979 1
279 96 3
880 435 1
111 918 2
131 378 3
836 629 3
223 860 1
182 615 3
559 808 2
507 914 2
297 209 3
34 981 3
90 455 3
547 32 1
133 663 2
157 967 1
755 256 2
67 665 3
270 836 3
467 421 2
281 336 2
607 21 1
472 772 1
538 160 2
510 56 1
727 510 1
639 756 3
332 964 3
760 482 2
295 24 2
432 852 2
710 766 2
497 829 2
610 869 2
456 327 3
778 447 3
62 966 2
190 451 3
462 770 3
205 462 2
376 323 3
341 490 3
257 137 1
809 584 3
13 753 3
496 252 1
755 254 3
972 731 1
176 471 2
417 971 3
532 940 1
998 373 3
46 474 1
372 748 3
456 105 3
296 935 2
635 202 3
55 909 3
64 106 1
808 323 2
496 567 3
668 674 3
453 292 1
247 366 2
889 589 1
434 370 2
749 712 2
950 899 2
6 971 1
425 456 1
167 457 2
519 321 2
468 543 2
140 134 2
973 923 3
624 775 1
562 162 2
66 501 1
742 798 1
73 434 2
335 870 1
286 348 3
210 447 2
698 989 3
755 290 2
847 206 3
138 709 1
859 352 1
261 27 1
878 197 1
777 420 2
978 234 1
338 178 1
66 569 2
795 631 1
53 837 3
766 541 3
740 846 3
63 766 1
656 951 2
864 490 3
898 364 2
902 790 3
966 190 2
932 126 2
548 293 1
612 325 1
775 467 3
988 610 2
892 595 2
864 922 3
590 494 3
773 292 2
932 113 1
28 376 3
497 75 3
225 174 1
649 827 1
210 363 3
362 387 2
811 259 2
339 834 1
400 811 3
657 180 1
505 902 1
38 990 1
370 924 3
67 64 2
533 253 1
668 100 3
799 408 1
74 532 2
824 563 1
395 530 2
802 139 3
25 280 2
796 944 1
558 506 3
880 68 3
734 835 3
720 68 2
72 931 1
367 301 2
789 612 1
620 752 3
689 922 2
615 381 2
856 646 1
583 330 1
707 334 3
607 350 2
495 809 1
525 718 3
663 411 1
59 525 2
182 171 1
985 284 1
338 272 2
907 641 1
444 300 2
847 406 3
405 278 3
617 543 2
645 426 3
76 760 2
770 398 3
369 299 1
193 4 2
516 673 2
300 769 3
476 133 2
798 932 1
253 557 1
556 283 2
649 772 3
145 280 1
600 488 2
197 200 1
944 743 2
277 339 3
562 930 3
53 340 2
996 456 2
715 918 3
931 941 3
148 964 2
597 117 1
372 565 3
111 635 3
73 476 2
147 485 3
52 210 3
461 592 2
405 259 3
263 44 1
336 710 1
850 616 3
753 924 1
699 434 3
863 552 3
13 142 3
106 426 2
346 891 3
230 554 2
899 366 2
704 620 3
957 464 1
869 463 1
849 597 3
353 823 3
773 203 3
237 884 2
136 634 2
603 364 2
330 558 1
322 791 1
242 305 2
287 893 2
85 31 3
607 658 2
525 722 3
121 553 3
900 168 2
625 214 1
384 354 3
864 94 3
24 531 1
399 169 2
322 855 2
725 694 1
890 464 2
173 984 3
333 151 2
849 107 1
774 101 1
524 756 3
612 660 1
572 809 1
608 281 2
353 450 1
614 710 2
462 634 1
423 104 3
62 370 3
207 782 2
782 654 3
684 320 3
608 152 3
991 126 2
320 963 3
838 846 1
905 358 1
663 802 1
332 702 1
995 649 3
353 752 3
556 621 3
836 95 3
56 624 2
796 924 1
240 356 2
848 645 1
714 836 2
856 885 3
128 617 2
232 702 2
74 931 2
643 391 2
229 390 2
830 146 3
997 955 2
849 604 2
863 451 1
891 345 2
649 653 3
684 575 2
442 363 1
587 736 3
372 115 1
49 581 2
885 843 3
130 701 3
171 464 3
277 669 3
603 865 2
275 364 2
30 655 1
713 827 1
598 235 3
82 259 1
786 668 1
216 60 1
795 109 2
319 151 2
310 900 3
778 246 2
345 614 1
767 668 1
986 494 2
123 676 3
680 965 2
361 33 3
22 334 2
556 701 2
780 523 2
886 33 1
961 734 1
761 85 2
313 70 1
953 180 3
552 371 3
916 583 2
548 841 2
642 423 2
745 644 2
75 845 2
936 815 1
82 268 1
158 119 2
210 252 1
433 31 2
500 634 2
508 340 2
741 195 3
573 611 1
123 449 2
58 678 2
20 209 1
897 518 3
723 878 2
506 44 3
24 107 3
584 184 1
527 188 3
322 494 1
98 421 2
619 80 2
643 81 1
793 932 1
661 596 1
603 499 2
94 453 3
745 850 2
771 485 1
180 741 1
423 33 1
197 486 1
373 855 3
661 170 3
572 7 2
745 303 3
599 764 2
921 890 2
929 224 3
478 424 3
785 957 2
753 87 1
512 692 2
459 127 1
9 489 3
843 933 2
117 552 3
512 371 3
401 237 1
591 141 1
175 929 2
900 357 2
170 293 2
125 8 2
322 892 3
682 788 3
727 607 3
545 358 3
296 996 1
931 627 3
904 83 1
289 779 3
265 400 3
678 67 1
315 705 3
328 145 1
754 300 1
640 588 2
739 719 3
193 570 3
294 160 3
895 849 1
847 600 2
612 723 2
322 856 2
508 361 1
336 298 3
766 693 3
973 2 1
981 297 3
166 71 1
131 716 2
95 686 3
22 139 3
266 975 2
616 361 1
776 79 2
310 866 3
269 157 1
130 687 2
48 209 1
752 705 2
753 704 2
899 455 2
305 21 3
277 258 2
155 117 2
392 931 1
716 561 2
630 499 3
812 916 2
682 951 3
137 977 3
357 129 2
380 577 1
606 475 1
443 310 1
635 351 1
883 148 1
634 974 2
386 655 2
775 313 3
189 637 3
374 513 2
552 739 2
901 898 3
126 150 1
829 797 1
759 671 3
842 806 2
465 192 1
73 550 1
681 222 3
616 806 3
276 725 2
635 879 1
884 202 2
114 519 2
879 269 1
839 679 2
380 873 3
779 983 2
880 761 2
450 814 1
549 513 1
77 238 1
951 159 1
952 809 3
170 331 1
414 901 3
891 416 3
308 182 2
469 720 2
112 839 3
695 616 3
434 688 3
333 302 1
405 895 3
784 514 3
613 693 1
440 833 1
550 631 3
873 985 3
307 416 3
584 522 3
207 742 2
1000 684 2
566 643 1
396 420 1
216 252 2
835 951 2
838 694 1
391 17 2
893 27 1
380 980 1
704 987 2
557 688 2
280 349 2
323 734 2
467 702 2
300 639 1
186 39 1
9 461 1
517 291 2
473 377 3
614 354 3
758 198 1
158 888 2
946 121 3
262 906 2
375 912 1
852 338 1
354 769 3
154 350 3
818 805 3
40 355 2
758 234 2
518 45 2
155 44 3
130 872 1
651 830 2
674 586 1
580 382 3
666 592 2
690 430 2
114 433 2
610 117 3
587 500 2
356 468 2
839 162 2
220 981 3
488 395 3
704 160 3
803 234 3
226 136 1
692 953 1
866 692 2
818 344 1
648 575 1
408 134 3
178 720 3
794 916 2
689 67 3
716 914 1
691 951 1
834 283 2
676 793 1
948 764 1
934 271 1
624 699 3
825 763 1
625 958 1
675 402 3
87 760 3
80 516 2
752 432 1
907 126 2
180 785 1
522 80 3
155 29 3
337 463 1
412 654 3
533 185 2
384 163 1
71 1 3
20 767 2
756 392 1
404 924 2
63 380 1
158 168 2
332 82 1
813 478 2
608 682 3
388 505 3
805 277 2
42 200 1
515 176 2
743 879 1
117 926 2
87 388 1
176 697 3
596 493 3
776 246 1
808 927 1
520 826 3
287 820 2
452 869 2
766 579 1
143 353 2
637 351 1
693 462 1
695 282 2
481 299 2
599 660 2
884 601 2
473 371 1
100 510 2
635 418 1
816 83 2
944 320 1
132 997 3
318 904 3
989 444 1
633 529 2
173 195 3
20 725 3
367 581 2
824 993 1
727 587 3
882 550 2
127 400 1
69 698 2
175 961 1
521 785 3
364 334 3
573 159 3
640 314 3
25 502 2
854 990 2
954 60 2
103 45 3
636 541 1
3 625 1
874 351 2
323 997 1
995 756 2
258 717 1
736 438 2
913 438 1
381 271 1
956 357 3
766 750 1
619 634 2
766 134 2
63 995 1
265 127 3
27 706 2
38 887 2
865 831 3
488 352 2
816 520 2
47 429 2
675 717 3
691 363 2
877 679 3
542 159 1
903 198 1
942 144 3
165 483 2
993 306 1
849 945 2
529 887 3
525 338 2
215 795 1
628 304 1
324 233 1
977 460 1
22 405 3
958 837 1
308 72 2
139 557 1
824 123 1
338 499 3
332 154 1
656 184 2
247 720 3
595 17 2
523 819 2
24 117 3
653 15 3
118 961 2
871 617 2
515 48 2
326 301 2
261 626 3
84 733 1
975 844 3
856 57 3
610 403 1
557 486 3
689 85 3
344 15 3
996 226 3
461 551 2
45 990 2
504 874 1
944 324 3
942 452 1
972 164 1
627 653 1
571 258 1
904 448 1
621 18 3
975 262 2
328 976 1
440 464 1
723 474 1
718 889 3
428 914 1
93 488 3
768 396 2
798 674 1
229 884 1
664 233 3
549 692 1
780 626 1
688 595 1
806 378 3
720 225 2
751 209 3
290 105 3
982 346 1
192 855 3
829 303 2
600 252 3
183 481 1
161 667 1
990 991 1
258 331 3
668 359 2
752 760 3
636 160 3
375 885 1
292 827 1
861 54 3
387 665 3
250 171 2
312 44 2
162 846 1
941 516 2
654 144 1
549 814 1
153 170 2
22 133 2
953 886 3
560 982 1
47 8 1
802 52 3
848 601 1
784 76 2
136 637 2
907 12 2
143 861 1
520 160 3
422 879 1
143 903 1
938 716 1
878 975 2
94 268 1
901 572 2
824 321 2
743 687 1
656 442 3
138 461 3
565 857 2
411 678 1
589 179 3
762 945 1
850 801 1
964 918 2
638 564 3
441 571 1
146 398 2
744 624 2
900 167 3
214 740 2
790 998 2
898 628 2
928 118 3
307 949 1
597 308 1
605 86 1
741 357 2
279 721 2
419 290 1
892 973 2
839 592 2
784 962 3
109 341 2
490 361 2
830 218 1
954 88 3
561 778 1
672 673 3
537 931 3
898 929 2
61 380 2
718 417 1
984 154 1
690 27 1
345 299 3
413 351 3
212 11 3
160 874 2
273 887 1
23 945 3
663 339 3
921 40 1
492 216 1
366 523 1
349 713 2
391 330 3
20 270 3
532 698 2
928 817 3
517 863 3
405 791 1
86 88 2
557 789 2
979 600 2
426 200 2
148 109 1
54 590 3
50 112 3
743 308 3
499 957 3
70 153 1
833 47 2
572 405 2
218 243 2
881 403 2
274 192 1
112 768 3
214 783 3
286 917 3
815 476 2
348 322 3
778 357 2
484 840 1
530 664 1
316 354 1
97 337 1
772 127 1
155 845 1
905 87 1
80 814 3
803 343 1
609 361 3
474 946 2
418 741 1
525 554 3
549 202 3
185 485 1
942 660 3
928 591 1
877 817 3
945 265 1
125 856 2
558 691 3
270 549 1
653 33 1
311 797 2
532 822 1
116 338 3
21 793 3
670 491 2
96 337 1
751 647 2
308 603 3
651 458 1
955 358 1
737 563 3
141 634 2
6 464 2
502 30 1
655 404 2
344 916 3
615 199 2
191 306 1
989 35 2
983 551 2
747 785 2
482 781 3
736 407 3
579 204 3
273 813 1
124 782 2
888 535 3
704 574 1
26 994 3
94 450 2
278 719 2
319 74 3
333 789 2
858 854 2
229 614 1
920 644 1
512 569 3
473 418 2
30 482 3
523 97 2
519 389 1
817 234 2
9 399 3
696 125 2
744 810 3
456 869 1
718 598 1
227 315 2
804 920 2
319 734 2
135 608 3
23 632 3
289 405 1
95 464 2
578 847 1
269 258 1
704 373 2
359 953 3
278 744 3
480 883 2
796 827 1
700 129 3
277 843 1
201 665 2
465 491 3
619 564 2
414 35 2
794 720 1
970 660 1
191 172 2
29 91 3
624 150 3
207 365 3
791 266 2
512 686 2
74 190 3
590 338 2
851 263 3
642 254 1
887 199 3
307 906 1
19 666 1
59 242 2
291 121 3
941 521 3
610 283 2
185 606 2
652 486 2
540 158 2
534 960 1
648 669 2
166 926 2
68 286 2
500 454 2
576 428 1
354 909 2
598 760 3
111 437 2
671 392 1
57 370 3
558 678 1
319 208 1
552 415 3
199 189 1
937 441 1
656 952 2
774 803 3
964 646 1
285 502 1
950 2 2
788 98 1
710 302 2
611 19 2
46 134 3
34 645 2
760 891 1
165 539 3
433 302 3
695 988 3
963 226 1
806 901 1
166 420 1
784 782 2
958 863 2
4 801 1
346 656 1
557 248 3
987 661 1
349 622 1
794 365 1
56 65 3
690 669 2
788 879 1
44 987 1
904 491 1
217 171 3
563 500 1
70 852 1
674 802 2
400 396 3
311 986 1
695 880 3
116 85 3
40 117 1
3 455 2
98 627 3
765 236 1
713 214 3
693 17 1
55 327 2
963 154 3
181 219 2
611 282 2
814 267 3
641 536 1
211 747 3
228 516 3
291 993 3
48 69 1
540 36 2
665 3 2
693 655 3
240 637 3
551 669 2
214 60 1
812 342 2
485 295 3
414 768 3
586 219 2
821 660 2
142 808 1
750 919 2
506 170 1
438 718 1
307 486 2
837 282 1
133 846 1
505 62 3
545 166 2
675 623 1
469 106 3
267 334 3
532 132 2
247 738 2
948 125 1
915 651 1
369 726 2
164 686 2
427 598 3
160 195 3
989 157 3
994 889 1
321 271 3
108 252 3
52 117 3
961 118 2
542 809 2
964 506 1
361 946 1
750 509 2
447 535 3
30 951 3
351 644 3
988 720 2
853 844 1
286 945 3
191 960 2
569 675 2
490 206 2
681 950 3
219 440 1
200 40 3
547 186 2
426 95 2
576 222 1
1000 247 3
533 810 3
996 546 3
201 83 3
203 891 3
734 828 1
731 350 1
383 531 1
292 747 1
823 275 1
532 174 1
405 469 1
169 348 2
984 442 1
156 768 3
198 913 3
139 934 1
345 914 2
450 233 2
186 698 3
46 255 3
245 423 1
637 656 2
808 892 3
266 562 3
497 457 3
26 942 3
339 805 3
326 875 1
146 761 3
257 786 1
761 243 3
441 868 3
744 292 1
245 989 1
221 567 2
92 651 1
797 514 3
860 268 1
544 339 1
214 839 2
46 221 3
49 791 2
672 692 2
692 47 3
928 463 3
123 553 2
454 616 2
721 477 1
34 253 2
224 749 2
308 493 2
520 945 2
578 100 1
352 233 3
375 631 1
974 143 3
729 163 3
17 585 3
836 251 1
13 2 2
428 207 3
968 121 1
518 168 3
23 243 1
523 255 2
652 780 2
498 77 2
549 607 3
442 130 2
630 11 1
454 46 1
93 989 3
668 571 3
540 523 2
194 713 2
371 740 3
428 839 2
205 769 3
238 977 2
641 920 1
8 438 3
173 71 3
693 98 3
822 922 2
486 423 3
978 716 3
33 922 3
824 210 3
27 821 3
596 43 1
329 489 2
382 753 2
774 694 2
557 797 1
593 875 2
906 320 1
987 13 1
188 498 2
226 719 2
424 43 1
229 1000 2
719 980 1
214 527 1
442 343 3
826 392 2
720 840 2
812 149 1
485 241 3
763 619 3
869 959 2
944 388 3
314 764 2
410 760 2
101 429 2
530 933 3
801 509 1
881 279 3
516 321 3
715 892 3
125 874 1
110 146 1
15 741 2
913 769 2
588 31 1
681 593 3
280 1 2
283 640 2
120 339 1
739 477 1
348 489 3
392 809 2
423 372 2
382 925 3
600 166 2
469 316 3
600 201 2
494 174 1
711 369 2
897 153 2
435 918 3
703 221 1
506 198 3
314 27 2
131 969 2
649 141 1
226 185 2
157 462 2
120 618 1
968 767 1
406 284 1
424 913 2
952 111 2
49 493 2
215 963 2
282 331 1
429 572 1
501 569 3
33 935 3
572 402 2
369 211 1
318 352 3
738 649 3
527 661 2
812 605 3
136 800 3
271 454 3
181 965 3
196 888 3
878 799 1
725 475 1
748 224 3
598 620 2
377 522 2
190 795 1
862 528 2
495 925 2
855 647 1
59 172 2
347 659 3
972 397 2
988 961 2
370 951 2
157 328 1
413 289 3
459 765 1
773 685 2
315 715 2
705 441 2
55 498 3
288 272 1
1 344 3
134 54 1
134 637 2
56 277 3
448 825 1
102 528 1
877 115 3
282 692 3
222 5 2
466 208 1
565 82 2
925 238 2
554 570 1
343 797 1
32 43 2
236 891 2
677 26 2
670 985 2
504 129 3
181 918 2
69 921 2
601 154 2
657 703 3
563 539 3
801 391 3
793 359 3
881 17 1
13 69 2
315 666 2
71 761 1
702 331 3
750 377 1
929 304 3
820 934 3
283 378 3
845 728 3
327 971 2
267 314 2
707 607 3
827 335 3
733 7 2
804 120 1
37 15 2
821 302 1
759 877 1
286 647 1
306 280 2
340 578 3
100 351 2
458 761 2
578 506 1
555 540 3
49 516 2
750 856 2
840 282 2
763 413 1
906 492 1
720 558 3
4 485 1
883 837 1
861 904 2
664 720 3
775 896 2
198 196 3
53 56 1
367 548 1
323 756 1
395 97 2
895 16 3
14 682 3
951 561 2
197 226 2
144 728 2
50 233 1
247 920 1
167 580 2
937 788 1
124 28 3
932 135 3
183 383 1
845 840 3
313 588 2
937 786 1
473 61 3
452 119 1
955 749 2
711 140 2
890 822 2
534 542 2
641 576 2
460 315 3
148 745 2
638 22 2
616 813 3
355 156 2
407 136 2
226 101 2
80 409 3
689 899 3
510 908 2
872 165 3
932 350 2
96 184 1
455 259 2
842 345 2
88 825 3
196 520 2
255 868 3
919 497 1
260 872 1
741 747 1
587 96 2
803 192 1
59 989 2
645 448 1
153 817 1
40 712 1
753 633 1
715 820 2
147 453 1
946 105 2
47 825 1
291 770 2
430 750 3
159 877 1
779 46 2
602 452 2
941 256 3
989 24 1
408 307 1
15 517 1
776 417 3
645 425 3
678 762 2
940 957 1
585 708 2
606 934 3
899 28 1
410 241 1
902 285 3
899 869 3
861 209 1
52 775 2
794 743 1
365 468 1
918 930 3
552 918 1
825 682 3
764 902 1
328 468 2
818 272 1
388 892 3
915 174 3
425 973 1
613 9 3
595 548 3
18 13 3
2 425 1
598 686 1
727 533 2
833 15 2
875 26 2
22 614 3
269 161 1
57 769 2
460 859 1
470 13 1
20 637 3
590 86 3
779 714 2
473 197 3
239 745 2
309 166 2
37 34 3
36 71 2
800 165 2
295 838 2
25 618 3
256 252 3
358 472 1
833 148 1
725 55 1
701 396 2
356 868 2
688 800 3
698 63 2
73 813 2
305 941 2
690 828 2
35 406 3
447 997 1
550 308 3
133 846 2
871 73 1
14 949 2
328 894 3
950 780 2
39 697 1
627 979 3
183 436 3
864 33 3
372 565 2
222 769 2
880 389 2
314 809 2
581 253 1
857 181 1
345 179 2
336 426 3
868 987 3
204 264 3
591 553 3
756 52 1
401 660 1
238 355 3
72 912 2
928 882 3
197 125 2
762 943 1
116 405 1
942 174 1
839 369 1
432 167 1
138 112 1
820 337 1
684 922 2
129 387 2
743 643 2
723 935 2
333 194 3
509 811 2
250 324 3
158 959 2
572 258 1
998 741 2
947 233 3
415 250 1
825 748 2
603 785 1
521 586 2
465 763 2
797 502 3
185 60 1
161 555 1
727 378 3
41 698 2
432 479 1
857 290 2
593 29 2
596 573 3
321 692 3
563 2 1
364 129 3
31 687 1
688 117 2
490 156 1
844 871 2
479 728 2
339 377 2
503 871 3
103 995 1
609 259 1
411 115 3
723 290 3
25 888 3
296 574 2
530 408 2
570 552 2
290 669 3
946 254 2
31 182 2
453 700 2
326 695 1
667 272 2
74 441 1
177 374 2
878 936 2
768 140 2
421 601 3
762 86 2
383 727 2
84 728 2
996 1 3
554 460 3
264 493 3
72 311 1
784 361 1
776 730 1
859 852 3
793 518 3
44 141 2
477 274 3
861 410 2
78 679 1
520 562 1
927 619 1
434 303 1
203 230 1
756 17 2
836 677 1
95 256 2
376 729 1
412 181 3
571 562 1
962 880 3
557 733 3
262 951 1
661 345 1
452 976 3
742 75 2
815 686 2
995 298 3
167 275 3
185 440 2
172 656 2
612 358 2
938 139 2
518 910 1
609 449 1
942 237 2
27 823 3
827 10 2
386 65 3
484 154 2
356 576 2
630 585 1
449 164 1
627 334 2
642 464 2
214 794 1
54 12 1
376 454 3
775 774 1
382 836 3
113 920 1
76 917 3
978 804 1
768 305 2
870 695 2
131 154 3
597 801 3
93 321 2
371 870 1
723 781 2
832 204 2
808 426 2
8 192 1
343 604 3
838 810 3
334 798 3
339 682 3
407 507 3
753 181 1
901 233 3
225 674 3
344 574 3
879 159 3
654 145 2
592 739 1
808 563 2
712 404 2
394 663 1
504 358 2
644 1 3
390 988 2
922 90 3
308 291 1
531 609 2
446 532 2
518 919 2
44 938 1
789 204 3
456 90 1
136 273 1
722 527 2
496 666 1
230 345 3
524 354 1
509 825 3
160 3 1
824 855 3
797 946 1
870 951 1
794 507 1
870 656 2
513 878 1
211 172 1
826 665 1
700 805 2
428 297 2
706 243 1
266 696 1
127 525 3
67 200 3
67 518 3
227 874 3
194 338 1
306 174 2
628 181 1
981 771 2
665 135 2
40 342 1
801 275 1
656 73 1
655 992 2
50 86 2
254 330 1
13 995 3
888 254 1
707 41 3
106 531 2
934 822 2
69 87 3
224 60 1
121 223 3
353 853 3
40 850 3
705 549 1
202 873 1
777 914 1
39 79 3
100 460 1
609 706 3
794 853 2
705 871 3
934 954 1
350 133 1
355 865 3
782 111 2
207 411 2
478 45 2
576 506 2
22 369 1
357 866 1
177 404 1
547 381 3
591 137 3
317 803 2
202 768 1
679 369 1
585 879 1
151 787 2
747 106 2
484 899 3
418 688 1
894 633 3
807 41 1
760 983 2
101 159 1
594 553 2
523 363 2
274 420 3
755 495 1
618 347 2
641 416 3
977 767 2
177 693 2
321 351 2
262 426 1
720 736 3
775 805 2
984 714 3
976 570 2
657 588 1
496 172 3
432 312 3
861 804 3
828 936 2
954 309 1
989 17 2
669 629 3
403 530 2
498 607 2
124 628 1
743 303 2
558 21 3
83 133 1
85 172 3
859 768 3
875 306 3
167 822 2
574 786 3
241 516 3
870 965 2
205 921 1
343 636 3
324 341 2
507 542 3
478 834 1
523 747 1
813 302 1
788 286 3
560 381 3
556 895 1
625 355 3
536 255 3
47 616 2
779 4 1
965 320 1
949 476 2
455 694 2
683 900 3
251 358 3
571 176 2
542 629 1
800 795 1
394 961 2
801 949 3
684 402 1
862 405 3
771 453 1
432 434 3
416 285 1
871 836 3
737 239 1
362 74 2
704 356 1
442 25 3
910 453 1
711 117 1
646 48 2
52 500 2
785 618 1
960 184 3
836 174 1
126 57 3
566 942 1
329 285 2
446 704 2
761 389 2
606 902 1
764 885 1
633 939 1
375 23 2
328 99 1
74 565 2
234 669 3
533 999 2
724 517 1
881 943 2
716 545 3
225 36 1
231 898 3
317 655 3
131 374 3
165 639 1
536 316 3
241 846 2
611 779 3
424 84 3
141 264 3
795 818 3
814 752 3
82 677 3
30 306 3
456 818 3
369 347 3
996 16 1
252 68 2
173 378 1
766 901 3
517 515 3
360 835 1
242 466 1
840 283 2
630 552 2
322 764 2
191 688 2
457 601 2
230 740 3
445 761 2
78 12 3
494 311 1
594 675 1
934 613 2
10 107 2
783 673 2
229 398 1
89 202 1
740 220 2
68 351 1
235 827 1
932 991 3
115 822 3
680 643 3
425 321 3
465 469 1
938 850 2
1000 358 1
435 117 2
522 462 1
884 626 2
63 207 1
940 302 1
52 408 2
667 635 2
713 976 2
428 521 2
208 766 2
541 197 3
455 502 1
389 144 2
363 598 3
915 848 2
760 76 1
76 423 2
36 295 2
701 222 2
562 752 2
878 583 1
73 235 3
993 67 2
794 44 1
918 770 3
457 402 1
119 220 3
512 126 3
772 447 1
461 271 1
31 461 1
811 35 1
112 447 2
233 128 1
600 206 3
21 592 3
37 427 1
330 778 1
178 776 3
7 600 1
353 830 2
994 507 3
370 445 2
885 459 2
973 552 3
40 505 1
147 217 3
520 507 2
120 642 2
350 107 1
814 570 2
819 464 1
724 98 3
166 618 2
983 763 1
614 630 3
65 798 2
105 502 1
703 822 2
960 595 3
833 463 3
95 735 2
24 116 2
187 763 1
748 679 3
611 808 3
524 549 3
463 142 3
975 851 1
703 477 3
117 283 3
219 387 2
463 179 3
360 802 1
284 742 3
802 440 3
654 185 3
132 489 2
659 228 1
852 426 3
452 61 1
807 491 2
415 763 1
8 502 1
122 610 2
830 157 3
982 627 2
252 298 2
328 801 1
962 511 2
621 405 1
27 989 3
713 339 2
963 598 3
837 84 2
128 396 1
269 139 2
215 408 1
356 402 1
729 58 2
924 131 2
204 213 3
996 468 1
927 378 1
613 923 3
742 567 2
838 268 2
655 578 2
663 909 1
989 209 1
132 199 1
502 144 2
852 927 1
877 796 3
629 659 2
333 387 1
336 456 2
847 49 2
479 778 2
2 356 2
177 810 1
789 971 1
382 875 3
152 930 1
42 303 3
54 315 2
805 574 1
800 461 2
541 249 2
10 466 1
848 750 2
39 593 3
976 55 3
180 959 3
709 255 3
495 771 1
455 743 1
494 862 2
334 103 3
96 635 3
283 608 3
175 961 2
893 879 1
188 299 2
738 194 3
102 852 2
87 817 1
81 664 3
454 557 3
448 45 1
565 822 3
468 243 1
602 854 3
142 900 3
568 80 3
846 13 2
457 420 3
306 456 3
773 857 2
951 47 3
112 810 1
799 792 3
815 949 2
970 132 2
760 798 1
419 21 3
248 405 2
631 172 1
354 244 1
564 438 1
843 327 1
194 981 1
972 652 1
531 502 1
666 83 1
30 286 1
366 37 1
48 242 3
657 489 2
523 835 1
334 713 3
470 808 2
401 901 3
796 110 2
165 833 1
64 328 3
760 295 2
701 811 2
426 405 3
27 45 3
393 84 2
289 573 1
990 808 3
300 441 1
407 108 1
897 892 3
957 128 3
547 286 1
691 418 3
645 904 1
933 6 2
842 269 3
895 848 3
795 567 2
800 9 1
153 355 1
526 620 1
256 41 2
291 815 2
394 775 1
329 623 2
482 410 2
687 92 1
923 34 2
321 76 1
77 326 1
140 809 1
617 607 2
347 373 1
868 631 1
926 282 2
476 385 1
868 383 3
42 793 3
36 173 1
232 555 2
225 330 2
568 728 1
32 896 3
355 249 2
344 733 1
255 370 1
966 391 2
421 10 2
932 820 2
773 833 2
931 169 2
510 377 3
697 370 2
299 470 2
343 757 2
338 384 3
627 571 2
839 745 1
550 819 3
922 925 3
278 399 1
209 145 1
398 419 1
409 404 2
239 706 1
702 445 3
481 582 3
170 193 1
169 221 1
287 640 1
811 742 3
617 892 3
742 992 2
355 998 1
908 905 3
632 679 2
227 783 2
517 563 3
669 143 2
843 608 3
258 291 2
110 217 3
639 575 2
939 671 1
887 138 1
709 259 1
577 124 2
828 929 2
478 962 1
507 189 3
721 537 3
257 338 3
859 154 2
881 454 1
57 345 2
446 114 1
794 999 1
120 862 2
356 546 1
124 749 3
182 525 3
342 302 1
367 169 1
60 274 1
511 519 1
654 812 1
340 801 3
208 335 1
182 93 1
256 251 3
531 85 1
879 858 1
1 957 2
334 95 2
491 654 2
569 286 1
815 804 2
136 983 3
836 350 3
546 954 2
518 734 1
435 193 3
299 876 1
112 530 1
787 240 1
908 287 3
422 551 2
659 397 1
899 923 3
136 338 1
991 854 3
71 97 3
385 539 3
143 631 1
516 643 1
288 137 2
678 159 2
415 7 2
312 493 3
488 479 1
527 107 3
813 338 2
685 253 1
367 328 1
36 118 1
514 432 1
599 559 2
610 552 2
933 308 3
462 249 2
36 944 2
995 457 2
694 6 1
610 716 2
85 52 2
969 292 3
226 936 1
691 821 1
656 932 1
535 406 2
330 922 1
555 22 2
379 6 1
71 65 2
671 925 3
558 245 2
448 887 1
301 73 1
520 34 2
993 547 3
72 961 3
222 205 3
597 552 3
432 388 1
620 519 1
824 702 3
113 408 2
187 348 3
442 603 1
478 445 2
459 165 3
281 705 2
917 475 1
537 778 2
268 891 2
892 693 2
276 615 3
486 770 3
211 482 1
791 844 2
941 67 1
408 473 3
823 975 1
871 411 2
891 746 2
370 925 2
164 522 1
789 614 3
880 373 1
639 287 3
825 755 3
609 358 2
988 783 1
37 908 1
257 569 2
862 422 2
697 854 2
902 901 2
767 246 3
782 292 2
936 602 3
714 773 3
756 895 3
457 762 1
125 378 2
827 532 2
403 488 2
209 782 2
716 289 2
386 809 3
65 810 1
827 23 2
625 535 3
358 257 1
529 236 3
279 262 1
965 905 1
254 73 3
431 134 1
517 221 2
411 936 2
25 78 3
969 327 1
745 695 3
937 464 3
700 991 1
625 696 2
691 211 1
915 714 1
662 828 1
172 279 1
700 954 3
629 14 1
59 125 2
183 910 3
771 125 1
582 119 2
251 383 1
637 697 2
894 827 3
479 837 3
862 180 2
217 713 2
957 644 2
594 820 3
68 830 1
388 249 3
807 948 3
189 22 1
640 697 2
270 793 2
811 245 2
659 727 1
543 997 3
125 422 1
116 712 1
29 508 1
896 913 3
216 227 1
771 916 2
614 28 1
333 726 2
590 549 3
718 19 2
28 609 1
232 357 3
664 20 2
494 765 3
483 702 3
780 842 1
985 209 2
729 714 3
914 54 1
17 772 3
127 178 1
110 280 2
574 477 3
130 913 3
371 584 3
616 886 3
993 435 1
774 771 1
734 79 3
525 784 3
462 284 1
912 188 2
332 989 3
457 607 1
649 476 1
834 517 3
536 616 2
646 775 1
502 738 1
73 464 1
462 773 1
658 518 3
631 461 2
346 580 1
589 632 3
843 641 2
89 712 1
517 166 2
904 851 2
929 842 1
413 892 1
354 311 3
858 68 1
101 176 2
45 975 2
548 468 3
449 168 3
995 474 3
188 353 3
78 420 1
698 388 1
842 157 1
730 61 1
491 462 2
173 603 2
694 581 1
718 734 3
893 846 2
297 46 1
498 870 1
104 461 3
943 994 2
636 529 3
303 614 1
493 639 1
661 604 1
11 199 3
852 172 2
935 806 3
706 816 1
822 138 2
219 754 2
982 151 3
854 315 2
596 896 2
560 510 1
156 408 3
855 521 1
831 959 3
906 923 1
417 889 1
899 629 3
243 436 2
797 673 3
287 173 1
381 239 3
591 155 2
651 740 3
531 70 1
814 452 1
774 482 3
193 631 1
149 869 1
654 605 1
923 482 1
163 747 3
429 39 2
698 57 3
452 404 1
235 238 1
768 332 3
606 799 2
809 190 1
704 668 2
215 760 1
912 426 2
383 376 2
484 650 2
459 210 3
386 986 1
359 848 1
290 560 2
911 751 3
650 251 1
876 969 1
477 480 2
483 53 1
634 701 1
758 487 1
783 961 3
928 104 3
554 498 3
568 54 1
448 283 2
727 597 3
841 588 2
858 961 1
151 723 3
475 787 1
408 54 1
371 32 1
447 129 1
17 635 3
801 575 3
497 350 3
33 179 3
113 747 2
797 65 2
575 577 2
587 452 2
163 654 3
197 495 1
203 571 1
742 952 3
271 876 3
654 739 1
295 20 3
732 872 1
318 110 3
810 784 2
737 292 1
590 617 3
616 430 1
535 819 2
912 591 1
539 453 3
270 618 1
736 255 1
723 553 2
347 664 2
701 841 3
224 276 1
673 695 1
647 98 1
570 451 1
349 754 3
368 613 3
849 504 2
217 145 3
739 411 2
777 679 1
914 574 1
600 692 3
152 316 1
391 873 3
752 979 2
528 14 3
763 456 2
867 432 2
462 603 1
344 862 3
425 144 3
210 655 2
918 512 3
333 4 1
666 249 3
913 935 1
359 270 3
451 578 1
498 138 3
509 554 2
532 3 2
656 527 1
408 770 2
903 721 2
850 818 1
169 606 2
527 627 2
353 558 1
182 903 3
339 581 2
738 191 1
386 419 3
926 694 3
203 487 1
701 391 2
141 954 1
962 364 2
314 77 1
717 55 2
618 704 3
596 644 2
347 464 1
783 213 2
172 777 1
357 970 1
306 995 1
318 368 2
593 445 2
81 229 2
667 709 1
351 217 2
672 604 2
926 715 3
985 883 2
17 402 1
210 425 1
35 129 1
724 245 1
810 582 3
481 804 2
904 906 1
209 799 2
55 603 1
898 694 3
127 896 1
303 881 1
61 594 3
797 376 1
396 538 3
803 224 3
90 324 1
848 799 3
508 770 1
3 797 1
15 214 2
178 614 3
118 360 3
501 463 1
910 253 1
613 504 3
163 587 3
101 964 3
429 166 2
243 846 1
827 761 1
113 192 3
326 169 1
919 720 1
344 341 1
379 928 3
395 424 3
263 426 2
709 961 1
958 296 3
573 548 3
952 209 2
690 800 3
846 457 1
488 940 3
14 676 1
178 203 1
100 388 1
317 894 1
520 94 2
859 490 1
839 51 2
923 399 2
144 892 2
342 741 3
397 488 2
721 549 2
596 262 1
565 224 2
13 137 3
696 935 1
760 837 1
571 346 1
226 845 3
367 199 3
408 164 1
270 563 1
930 163 1
974 722 2
418 277 1
96 856 1
75 663 2
202 897 2
360 882 2
521 190 3
663 589 3
354 669 1
246 28 3
144 444 3
178 812 1
422 601 1
880 556 1
806 740 3
686 837 2
365 345 1
117 96 2
602 984 2
843 510 1
599 955 3
476 928 1
464 537 2
190 298 3
753 12 2
630 598 1
833 61 3
722 186 3
208 538 2
937 464 1
867 76 1
103 269 3
335 723 3
127 52 2
651 319 3
71 123 2
358 162 3
506 981 3
917 697 1
260 409 2
1 860 3
489 678 2
26 367 2
4 303 3
590 27 3
887 89 1
590 483 3
403 999 1
120 397 1
279 161 1
972 346 2
168 7 3
16 78 2
115 675 3
949 629 1
388 752 1
235 496 2
631 328 2
986 720 1
7 265 1
90 897 3
155 858 3
285 790 3
142 514 3
859 804 3
998 272 2
643 4 1
764 404 2
716 703 2
540 466 3
217 294 2
518 333 1
301 41 1
788 775 2
523 173 3
39 600 1
606 506 3
767 8 1
502 955 3
965 836 2
475 751 2
951 224 1
580 396 2
701 467 1
60 486 3
588 597 3
993 887 3
64 707 1
625 218 1
419 967 2
822 942 1
998 595 3
479 832 1
5 190 1
915 110 1
143 410 3
97 28 2
342 977 3
936 164 1
641 232 2
139 586 2
771 984 2
956 94 1
978 414 2
46 115 3
271 959 3
574 490 2
118 398 1
43 475 2
766 361 2
98 2 2
858 372 2
175 713 3
781 945 2
494 832 3
907 188 3
704 117 1
819 420 3
795 965 1
908 534 1
242 591 3
656 860 2
879 317 1
921 857 1
312 727 3
621 443 3
694 170 3
935 684 1
223 870 3
767 364 1
33 909 2
949 239 1
648 754 1
418 243 1
275 143 3
524 920 3
841 455 3
106 783 1
845 229 2
551 591 2
58 231 1
727 503 1
861 79 2
865 611 1
973 999 2
990 608 3
289 707 3
272 211 2
392 761 1
13 615 1
575 100 2
123 795 2
558 989 1
757 273 1
128 953 1
734 813 1
205 348 3
363 843 3
470 324 3
759 365 1
796 6 2
382 153 3
883 31 3
876 494 3
79 157 1
532 935 1
375 772 2
918 373 1
204 241 2
346 143 2
421 368 2
843 495 1
536 563 2
492 8 1
789 383 3
305 986 1
432 226 3
640 389 3
122 505 3
959 544 3
538 632 1
678 819 2
714 673 2
221 833 1
632 832 3
252 30 3
49 910 3
524 532 1
802 84 1
853 769 1
270 15 1
985 625 3
741 172 3
256 993 3
64 620 1
476 964 3
738 531 1
813 853 3
946 586 3
705 681 2
304 124 3
664 79 3
335 22 2
322 220 3
137 452 3
442 853 3
177 316 1
882 703 2
25 477 1
180 860 3
407 414 3
158 321 3
904 137 3
144 323 1
872 272 1
637 846 3
183 78 1
71 745 3
1000 862 2
708 757 2
510 768 2
819 700 2
124 623 1
426 883 1
537 753 1
501 61 1
609 951 2
9 162 3
82 925 2
913 239 2
369 53 3
993 410 1
875 763 1
570 958 3
211 382 3
371 507 3
800 472 3
909 130 3
652 908 3
610 139 2
325 342 3
702 789 2
979 868 3
421 245 2
563 244 1
967 473 1
446 272 1
718 524 1
810 222 1
116 37 1
222 283 2
553 565 1
982 28 3
704 293 2
808 362 1
910 18 1
139 73 2
433 546 3
925 92 2
900 676 2
13 682 1
23 916 3
125 295 3
25 250 2
554 759 2
90 593 3
919 291 1
347 823 3
896 17 1
223 867 2
306 235 2
406 194 2
86 939 3
85 877 3
354 170 1
628 691 3
274 527 1
774 791 2
4 468 3
487 867 1
24 962 3
981 500 1
502 666 2
903 250 2
673 715 1
108 423 3
182 244 1
851 184 2
128 832 1
786 392 1
493 847 2
856 111 2
664 604 3
640 718 1
946 965 1
335 570 1
552 364 3
440 794 3
898 104 1
248 478 3
316 29 3
391 481 2
517 35 3
537 706 2
838 1 2
197 529 3
529 793 1
443 757 2
820 255 3
626 885 3
858 78 1
441 315 1
936 407 1
768 361 2
617 327 3
312 815 3
497 159 1
573 53 2
231 994 3
838 303 3
5 475 2
69 774 3
701 516 2
195 42 1
126 382 1
198 965 3
982 312 1
209 238 2
260 644 3
545 107 1
921 860 2
987 501 1
379 32 1
254 12 1
486 192 3
989 323 2
16 504 1
433 642 1
865 268 2
950 348 3
402 984 2
20 610 2
948 264 2
871 27 3
642 970 1
364 956 1
524 947 2
275 561 2
560 503 2
634 461 1
142 92 2
574 821 1
69 546 2
729 116 3
679 854 3
61 167 3
160 519 1
270 306 3
224 62 2
976 825 2
359 766 3
613 369 2
221 334 3
205 242 3
733 372 2
41 259 3
384 836 2
40 737 1
204 22 2
677 986 3
881 662 1
991 212 2
163 813 3
298 647 2
660 373 1
481 497 1
162 965 3
190 838 3
685 173 3
85 661 1
192 7 1
119 811 2
122 6 3
458 461 3
212 421 1
164 427 2
816 417 3
663 996 3
491 993 1
973 12 1
479 898 1
332 349 3
54 588 1
985 269 1
811 464 3
386 661 1
58 564 2
301 865 1
730 483 3
26 782 2
551 674 3
889 978 2
48 441 1
635 709 3
158 192 3
362 689 1
149 878 3
520 798 1
152 816 1
475 889 3
89 822 2
131 205 2
802 42 1
359 598 3
235 94 2
249 805 3
573 203 1
499 814 2
520 803 3
34 422 2
858 123 3
262 651 3
536 103 1
407 496 1
404 308 3
452 701 3
531 365 2
317 476 2
219 353 1
740 799 2
620 509 2
776 472 3
901 523 2
87 437 3
87 564 1
523 644 3
19 682 1
212 164 3
26 366 2
158 195 3
720 449 2
100 512 2
139 87 3
913 523 2
837 624 1
55 450 3
631 685 3
717 535 3
831 800 2
716 833 1
219 335 2
79 518 2
683 714 2
191 16 2
900 145 1
585 807 1
284 927 1
442 906 3
13 854 3
594 93 3
321 932 2
42 419 2
583 487 3
970 532 3
825 779 2
483 887 1
924 378 2
299 846 1
998 54 2
439 222 2
571 213 2
846 445 3
326 166 2
411 890 2
614 357 3
485 356 3
937 452 2
300 690 1
353 236 1
66 699 1
450 432 2
996 777 2
30 192 2
367 930 2
196 729 2
621 876 1
925 361 1
383 250 1
426 641 2
710 391 1
241 633 3
218 620 3
234 139 2
213 280 1
601 386 1
875 28 1
417 775 3
861 92 1
896 861 1
611 264 3
667 325 2
935 248 3
193 628 3
523 45 3
942 906 2
48 842 2
278 783 2
250 581 1
756 490 2
154 703 1
453 311 2
578 856 2
71 641 3
713 908 3
926 49 2
244 596 3
896 341 3
757 867 3
158 806 1
216 914 1
190 32 1
998 865 3
316 799 2
355 292 2
85 914 3
315 377 3
96 789 2
590 54 1
525 564 2
734 759 3
650 521 3
157 151 1
317 379 1
88 738 1
502 200 3
914 246 3
476 338 3
331 194 2
751 600 3
728 559 1
773 768 3
882 111 3
752 308 1
968 909 2
802 995 3
198 464 3
681 433 2
424 392 3
210 95 1
744 457 1
401 540 1
885 446 3
256 68 3
411 804 2
500 51 2
916 39 2
928 478 1
746 687 2
997 919 1
287 605 3
924 189 1
257 197 2
427 154 2
799 682 2
569 898 2
708 988 3
786 588 1
723 499 2
896 256 2
542 403 1
602 799 1
11 584 3
593 845 1
218 469 3
579 983 3
929 175 1
394 279 1
905 976 1
526 729 1
157 443 2
841 20 3
475 865 2
794 339 2
448 232 2
614 553 1
868 60 2
500 786 2
893 546 3
26 155 3
9 833 3
202 238 3
59 936 3
873 760 1
46 374 2
127 61 3
559 361 2
783 241 2
729 623 3
99 625 2
655 833 3
350 507 3
923 194 3
403 296 3
130 34 1
892 632 2
579 568 1
65 960 1
246 550 3
414 558 3
995 397 1
391 300 3
349 684 3
488 953 2
596 684 3
8 651 1
184 612 2
693 208 2
331 830 2
935 849 1
94 504 3
881 983 1
115 795 2
809 182 2
558 744 2
702 817 2
987 165 1
553 210 3
553 795 2
812 39 3
91 30 3
738 289 2
343 200 2
532 700 2
862 819 2
90 787 1
497 941 2
172 735 3
964 271 3
587 320 1
836 724 3
601 683 2
903 980 1
453 178 2
665 786 1
90 204 2
277 402 3
60 375 2
921 44 1
607 925 3
449 313 2
831 374 3
259 827 1
743 7 3
796 813 3
236 155 3
368 177 3
877 234 1
788 354 2
9 347 2
638 291 2
448 32 1
541 394 3
953 625 1
817 110 3
804 412 1
786 342 1
437 303 3
483 548 3
331 281 3
726 371 2
944 818 2
25 920 2
713 666 3
240 211 2
65 392 1
204 616 1
121 493 3
950 44 2
709 442 1
313 585 1
929 606 2
909 769 3
27 956 2
994 461 2
214 849 2
31 391 1
983 442 1
374 943 2
649 643 3
954 892 1
143 709 1
256 661 3
349 737 1
566 450 3
3 365 3
641 305 2
832 102 1
773 243 3
359 707 1
994 306 1
878 446 3
964 640 3
639 688 2
27 181 1
259 22 2
775 782 1
967 257 2
543 187 2
685 909 2
173 252 2
888 672 3
965 372 2
64 662 1
454 874 2
465 182 1
21 82 1
482 98 2
373 851 1
687 389 3
852 945 3
656 320 3
955 113 1
515 174 2
502 322 1
20 781 3
103 467 1
325 989 1
679 814 1
51 606 1
512 126 1
386 255 2
861 562 2
927 413 1
829 535 2
513 512 1
888 328 2
876 700 1
549 106 2
27 839 1
24 555 2
424 326 3
976 903 2
634 453 3
697 33 1
429 117 2
757 803 2
11 859 3
855 540 2
7 853 1
509 236 1
926 834 3
946 447 2
648 399 3
326 40 2
945 1000 1
292 283 1
893 636 2
928 504 1
480 651 3
500 114 3
140 475 3
23 559 2
401 167 1
748 902 2
555 441 2
322 942 3
778 659 3
34 147 3
172 532 2
143 745 3
618 791 1
672 363 2
822 126 1
302 821 3
822 2 3
402 591 2
97 390 2
162 301 1
843 142 3
295 127 2
58 146 3
827 110 1
989 631 3
512 282 3
764 511 3
250 60 3
939 24 3
134 941 2
813 259 2
859 140 2
297 159 3
756 651 3
795 579 2
739 722 2
668 635 3
665 509 3
824 918 3
618 482 2
398 826 1
680 906 1
542 189 3
590 299 3
972 425 2
875 796 2
385 15 2
960 295 2
97 10 1
21 307 2
751 204 3
950 884 3
326 723 3
692 534 1
356 294 3
770 508 3
289 78 1
582 785 2
317 254 2
496 839 1
691 530 1
747 904 3
178 337 3
434 534 1
179 388 1
256 155 2
114 15 3
388 230 1
703 559 2
635 923 3
704 498 2
502 549 1
351 266 3
905 582 1
15 478 3
63 726 2
840 490 2
206 874 2
791 799 1
935 338 3
769 812 2
48 898 2
648 229 1
718 180 1
515 63 1
167 464 3
987 592 2
521 377 3
39 128 2
997 473 2
213 950 1
669 41 1
415 24 2
999 207 3
829 294 3
408 247 3
239 404 3
21 656 3
768 485 1
459 448 1
292 59 2
448 806 3
927 178 3
282 869 2
811 709 2
582 337 3
597 22 1
494 139 3
35 45 3
468 222 3
102 225 2
965 735 3
411 235 3
264 128 3
488 685 1
935 721 3
734 585 1
687 41 2
921 582 1
331 249 2
158 910 2
344 523 3
937 854 1
390 537 1
40 815 3
436 179 3
507 97 2
928 197 3
441 36 2
267 345 2
908 62 1
522 478 3
392 847 2
304 300 1
603 623 3
919 93 2
730 134 1
603 585 1
398 730 2
960 970 2
500 599 2
18 670 1
808 694 3
485 171 2
663 404 3
187 569 1
566 716 2
744 28 1
398 779 2
720 210 3
831 802 1
241 472 3
416 387 2
268 16 3
841 9 2
855 88 2
187 704 1
176 252 1
487 127 2
769 795 3
100 692 3
987 982 1
852 783 1
599 77 1
626 92 3
145 752 2
843 289 3
478 64 3
691 329 1
630 224 2
405 880 3
998 532 3
504 261 3
732 14 1
175 956 3
712 471 2
718 53 1
264 634 3
109 214 2
871 70 1
788 693 2
730 769 2
314 483 2
994 890 3
334 441 3
495 977 1
629 421 2
785 612 1
483 12 3
488 824 1
923 968 1
392 760 2
990 941 1
953 854 1
145 49 2
439 929 2
506 37 2
703 799 2
225 917 3
203 453 2
421 472 1
229 873 2
489 285 3
394 686 2
806 882 2
282 774 1
490 427 3
564 299 2
706 620 3
682 626 2
328 491 2
942 271 3
791 88 3
446 700 2
705 938 3
800 323 1
125 518 1
30 463 2
878 423 3
286 520 3
640 426 3
66 444 2
746 412 3
911 650 1
67 292 2
864 686 3
722 603 1
315 137 3
750 633 3
144 518 3
391 886 1
61 881 3
568 504 1
110 421 1
187 842 1
797 569 1
478 437 3
923 592 1
89 20 3
340 252 1
513 378 2
664 326 3
706 833 3
550 185 2
857 237 3
352 222 1
317 888 1
128 448 2
535 37 1
572 445 3
54 766 2
386 16 2
132 737 3
113 975 1
74 966 2
755 621 3
702 366 1
997 736 2
508 733 1
501 979 3
193 423 3
835 382 1
397 522 1
706 770 2
290 421 3
941 317 3
365 835 2
850 247 1
86 567 2
382 466 1
263 343 3
850 896 2
6 100 1
94 904 2
891 886 3
339 888 2
731 305 2
266 441 2
334 995 2
559 393 3
765 21 2
669 109 3
188 806 3
51 39 2
916 826 2
78 312 1
723 808 1
724 954 3
961 340 3
51 820 2
759 512 1
143 238 2
8 547 1
125 970 3
406 658 2
375 64 1
853 718 3
8 86 3
625 745 2
788 827 2
95 679 1
437 39 2
26 705 3
359 903 3
286 247 3
979 787 1
19 361 3
844 457 1
958 904 1
6 581 1
444 819 2
657 314 1
165 530 1
723 611 3
935 938 3
644 510 2
192 949 1
210 908 1
146 978 1
578 404 2
634 61 2
54 766 1
952 583 3
44 444 1
163 134 2
49 725 1
202 265 1
553 134 1
449 329 2
681 209 2
426 540 2
323 695 1
331 651 2
452 396 2
382 724 1
988 910 1
512 711 1
